019383	专业导论	必修	78	79	 	 	 	0.5	0
029017	高等数学（理工本）上	必修	98	99	 	 	 	4	0
019036	计算机导论实践	必修	90	93	 	 	 	1	0
019035	计算机导论(计本)	必修	80	87	 	 	 	2	0
0101	足球	必修	50	64	 	 	 	1.0	0
028004	马克思主义基本原理概论	必修	87	91	 	 	 	3	0
007002	心理健康教育	必修	87	93	 	 	 	2	0
007001	军事理论与训练	必修	74	82	 	 	 	2	0
019082	多媒体技术导论实践	限选	95	95	 	 	 	0.5	0
019081	多媒体技术导论	限选	89	91	 	 	 	1.5	0
025002	英语（Ⅱ）	必修	62	67	 	 	 	3	0
019085	C语言程序设计	必修	99	99	 	 	 	3	0
019360	C语言程序课程设计	必修	92	93	 	 	 	2	0
019086	C语言程序设计实践	必修	90	92	 	 	 	1	0
019008	数字逻辑	必修	98	93	 	 	 	2	0
019009	数字逻辑实践	必修	80	81	 	 	 	0.5	0
019406	认识实习	必修	80	80	 	 	 	1.0	0
028001	思想道德修养与法律基础	必修	78	79	 	 	 	3	0
029018	高等数学（理工本）下	必修	90	92	 	 	 	4	0
029025	线性代数（理工本）	必修	92	94	 	 	 	2	0
0203	排球	必修	66	75	 	 	 	1.0	0
019344	数据结构实践	必修	98	97	 	 	 	1	0
019005	计算机组成原理	必修	86	89	 	 	 	3	0
0301	足球	必修	62	62	 	 	 	1.0	0
029027	概率论与数理统计（理工）	必修	94	96	 	 	 	2	0
028006	中国近现代史纲要	必修	81	81	 	 	 	2	0
019027	数据结构(计本)	必修	96	95	 	 	 	3	0
019361	数据结构课程设计	必修	98	97	 	 	 	2	0
019019	离散数学	必修	82	84	 	 	 	3	0
025003	英语（Ⅲ）	必修	56	65	 	 	 	3	0
019006	计算机组成原理实践	必修	78	80	 	 	 	0.5	0
019004	汇编语言程序设计实践	限选	86	84	 	 	 	0.5	0
019332	汇编语言程序设计	限选	85.5	89	 	 	 	2	0
019047	C++程序设计	限选	84	87	 	 	 	2	0
019048	C++程序设计实践	限选	81	83	 	 	 	0.5	0
019020	面向对象程序设计(计科)	必修	73	78	 	 	 	2	0
019021	面向对象程序设计实践	必修	78	80	 	 	 	1	0
019083	计算机网络	必修	75	79	 	 	 	3	0
0403	排球	必修	80	82	 	 	 	1.0	0
025004	大学英语（4）	必修	62	70	 	 	 	3	0
019001	操作系统原理	必修	72	78	 	 	 	2	0
019084	计算机网络实践	必修	81	83	 	 	 	0.5	0
028029	毛泽东思想和中国特色社会主义理论体系概论	必修	71	76	 	 	 	6	0
019029	数据库原理	必修	87	89	 	 	 	3	0
019054	数据库原理课程设计	必修	90	91	 	 	 	1	0
019347	数据库原理实践	必修	90	91	 	 	 	1	0
019002	操作系统原理实践	必修	85	87	 	 	 	1	0
019127	创新与专利	必修	77	79	 	 	 	2	0
019465	专业实习1	必修	76	76	 	 	 	5.0	0
019022	软件工程(计本)	必修	56	64	 	 	 	2	0
019067	软件工程课程设计	必修	88	87	 	 	 	1	0
019025	软件可靠性与软件测试实践	必修	76	79	 	 	 	0.5	0
019024	软件可靠性与软件测试(软工)	必修	75	79	 	 	 	1.5	0
019049	专业英语	必修	77	79	 	 	 	2	0
019023	软件工程实践	必修	87	87	 	 	 	0.5	0
019452	JavaWeb工程师	限选	86	86	 	 	 	5.0	0
019422	J2SE工程师	限选	97	96	 	 	 	4.0	0
019100	软件项目管理实践	限选	70	75	 	 	 	0.5	0
019417	J2SE工程师实训	限选	94	92	 	 	 	3.5	0
019099	软件项目管理	限选	78	81	 	 	 	2	0
019453	JavaWeb工程师实训	限选	84	84	 	 	 	2.0	0
019466	专业实习2	必修	78	78	 	 	 	5.0	0
028018	形势与政策6	必修	78	78	 	 	 	2	0
021147	创业基础	必修	82	84	 	 	 	2	0
007003	大学生职业发展与就业指导	必修	65	63	 	 	 	2	0
019411	移动终端应用技术	限选	86	84	 	 	 	4.0	0
019412	移动终端应用技术实践	限选	82	81	 	 	 	4.0	0
019407	嵌入式技术	限选	80	77	 	 	 	4.0	0
019408	嵌入式技术实践	限选	80	80	 	 	 	4.0	0
250101	大学英语（1）	必修	66	66	 	 	 	3	0
019471	专业实习3	必修	78	78	 	 	 	2	0